%YAML:1.0
R: !!opencv-matrix
   rows: 3
   cols: 3
   dt: d
   data: [ 9.9934093538863666e-001, -7.9453299924772181e-004,
       3.6291370515288822e-002, 1.5052421235591496e-003,
       9.9980754599565824e-001, -1.9560296937657234e-002,
       -3.6268844794318057e-002, 1.9602032737779169e-002,
       9.9914980418845745e-001 ]
T: !!opencv-matrix
   rows: 3
   cols: 1
   dt: d
   data: [ -5.7658414986861217e+001, -4.2466901256699957e-001,
       -4.1736198898595456e+000 ]
R1: !!opencv-matrix
   rows: 3
   cols: 3
   dt: d
   data: [ 9.9409884794647174e-001, 7.9671436967804054e-003,
       1.0818505041276445e-001, -6.8965539484980428e-003,
       9.9992351569824889e-001, -1.0266464692835108e-002,
       -1.0825857035418947e-001, 9.4597766870379019e-003,
       9.9407776082653543e-001 ]
R2: !!opencv-matrix
   rows: 3
   cols: 3
   dt: d
   data: [ 9.9736352616576107e-001, 7.3458381386943862e-003,
       7.2194427321223026e-002, -8.0590649778460484e-003,
       9.9992151052799838e-001, 9.5929273472115002e-003,
       -7.2118292727172253e-002, -1.0149455426086942e-002,
       9.9734444421607515e-001 ]
P1: !!opencv-matrix
   rows: 3
   cols: 4
   dt: d
   data: [ 4.0842747004420869e+002, 0., 2.9895237922668457e+002, 0., 0.,
       4.0842747004420869e+002, 2.5529660415649414e+002, 0., 0., 0., 1.,
       0. ]
P2: !!opencv-matrix
   rows: 3
   cols: 4
   dt: d
   data: [ 4.0842747004420869e+002, 0., 2.9895237922668457e+002,
       -2.3611531745476062e+004, 0., 4.0842747004420869e+002,
       2.5529660415649414e+002, 0., 0., 0., 1., 0. ]
Q: !!opencv-matrix
   rows: 4
   cols: 4
   dt: d
   data: [ 1., 0., 0., -2.9895237922668457e+002, 0., 1., 0.,
       -2.5529660415649414e+002, 0., 0., 0., 4.0842747004420869e+002, 0.,
       0., 1.7297796451619992e-002, 0. ]
