%YAML:1.0
image_width: 480
image_height: 540
M1: !!opencv-matrix
   rows: 3
   cols: 3
   dt: d
   data: [ 5.0692464358151705e+002, 0., 3.2927040677610250e+002, 0.,
       5.0854766746646112e+002, 2.4983156328585858e+002, 0., 0., 1. ]
D1: !!opencv-matrix
   rows: 1
   cols: 8
   dt: d
   data: [ -3.9016009858519607e-001, 2.1334640365409518e-001,
       2.4881151372390777e-003, -7.0692017869603690e-003, 0., 0., 0., 0. ]
M2: !!opencv-matrix
   rows: 3
   cols: 3
   dt: d
   data: [ 5.0973933280372495e+002, 0., 3.6970220260197618e+002, 0.,
       5.0975483016669148e+002, 2.6032759737995724e+002, 0., 0., 1. ]
D2: !!opencv-matrix
   rows: 1
   cols: 8
   dt: d
   data: [ -3.6530004438297126e-001, 1.5765412986194532e-001,
       9.8180660779542141e-004, -4.6023344523050116e-003, 0., 0., 0., 0. ]
