%YAML:1.0
R: !!opencv-matrix
   rows: 3
   cols: 3
   dt: d
   data: [ 9.9971812781386282e-001, -1.5828490011875467e-002,
       1.7695305148231845e-002, 1.6804694518805861e-002,
       9.9826383775536587e-001, -5.6452745478482703e-002,
       -1.6771021509577107e-002, 5.6734197217134318e-002,
       9.9824844788441958e-001 ]
T: !!opencv-matrix
   rows: 3
   cols: 1
   dt: d
   data: [ -5.1950319259178414e+001, -2.6206340076788370e-001,
       2.4613728213716759e+000 ]
R1: !!opencv-matrix
   rows: 3
   cols: 3
   dt: d
   data: [ 9.9946362606183248e-001, -1.3465501315021205e-002,
       -2.9851975707960707e-002, 1.2620368214775123e-002,
       9.9951921702266844e-001, -2.8320683404804869e-002,
       3.0218975585830327e-002, 2.7928750002942461e-002,
       9.9915304054875198e-001 ]
R2: !!opencv-matrix
   rows: 3
   cols: 3
   dt: d
   data: [ 9.9886680379822956e-001, 5.0387838852647623e-003,
       -4.7325668794711444e-002, -3.7052121941782089e-003,
       9.9959475125987973e-001, 2.8224185662216343e-002,
       4.7448705698946547e-002, -2.8016850477110052e-002,
       9.9848068404793788e-001 ]
P1: !!opencv-matrix
   rows: 3
   cols: 4
   dt: d
   data: [ 8.3547541676227615e+002, 0., 6.7367052225619022e+002, 0., 0.,
       8.3547541676227615e+002, 4.6842194709752130e+002, 0., 0., 0., 1.,
       0. ]
P2: !!opencv-matrix
   rows: 3
   cols: 4
   dt: d
   data: [ 8.3547541676227615e+002, 0., 6.7367052225619022e+002,
       -4.3452454790721829e+004, 0., 8.3547541676227615e+002,
       4.6842194709752130e+002, 0., 0., 0., 1., 0. ]
Q: !!opencv-matrix
   rows: 4
   cols: 4
   dt: d
   data: [ 1., 0., 0., -6.7367052225619022e+002, 0., 1., 0.,
       -4.6842194709752130e+002, 0., 0., 0., 8.3547541676227615e+002, 0.,
       0., 1.9227346781353093e-002, 0. ]
