%YAML:1.0
image_width: 960
image_height: 1080
M1: !!opencv-matrix
   rows: 3
   cols: 3
   dt: d
   data: [ 9.4017628121643486e+002, 0., 6.0058584261433032e+002, 0.,
       9.3974746404617645e+002, 4.6866100366713573e+002, 0., 0., 1. ]
D1: !!opencv-matrix
   rows: 4
   cols: 1
   dt: d
   data: [ 2.3048626895335954e-002, -5.9040174879013585e-001,
       1.5640581730255978e+000, -1.3393052650070556e+000 ]
M2: !!opencv-matrix
   rows: 3
   cols: 3
   dt: d
   data: [ 9.5750349883172908e+002, 0., 6.2815118302143219e+002, 0.,
       9.5131582152687872e+002, 4.9048096628709624e+002, 0., 0., 1. ]
D2: !!opencv-matrix
   rows: 4
   cols: 1
   dt: d
   data: [ -3.0024350345101165e-002, -1.9092767046376716e-001,
       4.6105725744418263e-001, -3.5921610573561230e-001 ]
